32
(0, 5)
(1, 5)
(2, 5)
(3, 5)
(4, 5)
(0, 6)
(1, 6)
(2, 6)
(5, 6)
(3, 6)
(0, 7)
(6, 7)
(5, 7)
(3, 7)
(2, 7)
(7, 8)
(5, 8)
(1, 8)
(0, 8)
(6, 8)
(5, 9)
(1, 9)
(0, 9)
(3, 9)
(6, 9)
(5, 10)
(1, 10)
(2, 10)
(9, 10)
(3, 10)
(2, 11)
(0, 11)
(6, 11)
(9, 11)
(5, 11)
(1, 12)
(7, 12)
(10, 12)
(5, 12)
(6, 12)
(10, 13)
(2, 13)
(12, 13)
(7, 13)
(1, 13)
(13, 14)
(11, 14)
(8, 14)
(2, 14)
(6, 14)
(12, 15)
(5, 15)
(9, 15)
(6, 15)
(11, 15)
(6, 16)
(7, 16)
(11, 16)
(9, 16)
(0, 16)
(11, 17)
(0, 17)
(2, 17)
(12, 17)
(3, 17)
(4, 18)
(2, 18)
(14, 18)
(0, 18)
(10, 18)
(14, 19)
(12, 19)
(10, 19)
(5, 19)
(7, 19)
(2, 20)
(5, 20)
(7, 20)
(17, 20)
(16, 20)
(5, 21)
(11, 21)
(2, 21)
(7, 21)
(14, 21)
(1, 22)
(16, 22)
(11, 22)
(5, 22)
(20, 22)
(19, 23)
(9, 23)
(20, 23)
(0, 23)
(15, 23)
(23, 24)
(12, 24)
(6, 24)
(0, 24)
(18, 24)
(11, 25)
(16, 25)
(7, 25)
(3, 25)
(5, 25)
(20, 26)
(6, 26)
(8, 26)
(14, 26)
(2, 26)
(11, 27)
(7, 27)
(5, 27)
(1, 27)
(16, 27)
(18, 28)
(17, 28)
(1, 28)
(27, 28)
(20, 28)
(1, 29)
(20, 29)
(9, 29)
(4, 29)
(10, 29)
(18, 30)
(20, 30)
(11, 30)
(5, 30)
(9, 30)
(19, 31)
(5, 31)
(6, 31)
(7, 31)
(23, 31)
