32
(0, 5)
(1, 5)
(2, 5)
(3, 5)
(4, 5)
(2, 6)
(5, 6)
(4, 6)
(1, 6)
(3, 6)
(6, 7)
(3, 7)
(5, 7)
(0, 7)
(1, 7)
(7, 8)
(1, 8)
(0, 8)
(5, 8)
(4, 8)
(2, 9)
(1, 9)
(5, 9)
(6, 9)
(0, 9)
(2, 10)
(9, 10)
(7, 10)
(8, 10)
(4, 10)
(6, 11)
(8, 11)
(3, 11)
(1, 11)
(2, 11)
(5, 12)
(3, 12)
(1, 12)
(2, 12)
(11, 12)
(5, 13)
(8, 13)
(7, 13)
(10, 13)
(0, 13)
(11, 14)
(6, 14)
(9, 14)
(4, 14)
(5, 14)
(12, 15)
(8, 15)
(1, 15)
(6, 15)
(11, 15)
(10, 16)
(7, 16)
(2, 16)
(0, 16)
(3, 16)
(6, 17)
(14, 17)
(3, 17)
(2, 17)
(15, 17)
(4, 18)
(11, 18)
(8, 18)
(5, 18)
(7, 18)
(5, 19)
(4, 19)
(10, 19)
(6, 19)
(7, 19)
(14, 20)
(4, 20)
(2, 20)
(12, 20)
(5, 20)
(11, 21)
(7, 21)
(2, 21)
(9, 21)
(15, 21)
(5, 22)
(3, 22)
(14, 22)
(13, 22)
(20, 22)
(2, 23)
(17, 23)
(20, 23)
(5, 23)
(7, 23)
(12, 24)
(21, 24)
(13, 24)
(6, 24)
(7, 24)
(15, 25)
(6, 25)
(22, 25)
(5, 25)
(3, 25)
(10, 26)
(17, 26)
(15, 26)
(18, 26)
(5, 26)
(8, 27)
(12, 27)
(2, 27)
(5, 27)
(18, 27)
(26, 28)
(11, 28)
(5, 28)
(17, 28)
(23, 28)
(6, 29)
(1, 29)
(15, 29)
(4, 29)
(5, 29)
(28, 30)
(15, 30)
(18, 30)
(7, 30)
(5, 30)
(3, 31)
(15, 31)
(24, 31)
(19, 31)
(4, 31)
