32
(0, 5)
(1, 5)
(2, 5)
(3, 5)
(4, 5)
(5, 6)
(0, 6)
(3, 6)
(2, 6)
(1, 6)
(6, 7)
(0, 7)
(1, 7)
(3, 7)
(2, 7)
(3, 8)
(5, 8)
(1, 8)
(0, 8)
(6, 8)
(8, 9)
(0, 9)
(2, 9)
(3, 9)
(7, 9)
(7, 10)
(1, 10)
(0, 10)
(3, 10)
(6, 10)
(7, 11)
(8, 11)
(6, 11)
(0, 11)
(10, 11)
(0, 12)
(3, 12)
(11, 12)
(6, 12)
(7, 12)
(8, 13)
(3, 13)
(2, 13)
(11, 13)
(0, 13)
(3, 14)
(9, 14)
(0, 14)
(6, 14)
(7, 14)
(3, 15)
(6, 15)
(13, 15)
(7, 15)
(1, 15)
(8, 16)
(3, 16)
(11, 16)
(0, 16)
(2, 16)
(16, 17)
(9, 17)
(1, 17)
(13, 17)
(5, 17)
(17, 18)
(11, 18)
(9, 18)
(8, 18)
(2, 18)
(13, 19)
(1, 19)
(0, 19)
(6, 19)
(7, 19)
(3, 20)
(15, 20)
(6, 20)
(7, 20)
(1, 20)
(9, 21)
(5, 21)
(8, 21)
(7, 21)
(6, 21)
(21, 22)
(2, 22)
(3, 22)
(8, 22)
(1, 22)
(8, 23)
(1, 23)
(9, 23)
(16, 23)
(7, 23)
(1, 24)
(21, 24)
(6, 24)
(0, 24)
(5, 24)
(5, 25)
(9, 25)
(15, 25)
(8, 25)
(12, 25)
(7, 26)
(0, 26)
(2, 26)
(22, 26)
(14, 26)
(8, 27)
(17, 27)
(19, 27)
(3, 27)
(5, 27)
(5, 28)
(9, 28)
(17, 28)
(20, 28)
(13, 28)
(20, 29)
(15, 29)
(19, 29)
(3, 29)
(6, 29)
(11, 30)
(0, 30)
(12, 30)
(16, 30)
(8, 30)
(22, 31)
(5, 31)
(23, 31)
(8, 31)
(26, 31)
