32
(0, 13)
(0, 16)
(0, 22)
(0, 31)
(1, 14)
(1, 20)
(1, 22)
(1, 29)
(2, 7)
(2, 13)
(2, 15)
(2, 20)
(2, 26)
(2, 29)
(2, 30)
(3, 4)
(3, 5)
(3, 13)
(3, 17)
(3, 18)
(3, 19)
(3, 24)
(4, 16)
(4, 19)
(4, 22)
(4, 27)
(5, 9)
(5, 10)
(5, 19)
(5, 27)
(5, 28)
(6, 8)
(6, 9)
(6, 12)
(6, 15)
(6, 16)
(6, 18)
(6, 20)
(6, 23)
(6, 26)
(6, 29)
(7, 8)
(7, 21)
(7, 23)
(8, 16)
(8, 20)
(8, 24)
(9, 12)
(9, 13)
(9, 16)
(9, 21)
(9, 30)
(11, 12)
(11, 16)
(11, 24)
(11, 26)
(11, 28)
(12, 13)
(12, 26)
(12, 27)
(13, 19)
(13, 21)
(13, 29)
(14, 15)
(14, 26)
(14, 28)
(14, 31)
(15, 25)
(15, 29)
(16, 17)
(16, 19)
(16, 21)
(16, 24)
(16, 27)
(16, 28)
(17, 20)
(17, 25)
(17, 26)
(17, 29)
(18, 21)
(18, 30)
(18, 31)
(19, 21)
(19, 22)
(19, 27)
(20, 28)
(20, 29)
(21, 22)
(22, 23)
(22, 24)
(22, 25)
(22, 26)
(22, 27)
(24, 29)
(24, 31)
(27, 31)
(29, 31)
