32
(0, 3)
(0, 14)
(0, 17)
(0, 21)
(0, 22)
(0, 23)
(0, 24)
(0, 29)
(2, 6)
(2, 7)
(2, 11)
(2, 22)
(2, 29)
(2, 31)
(3, 4)
(3, 15)
(3, 16)
(3, 23)
(4, 6)
(4, 8)
(4, 13)
(4, 17)
(4, 18)
(4, 19)
(4, 23)
(4, 29)
(5, 7)
(5, 8)
(5, 14)
(5, 17)
(5, 22)
(5, 30)
(6, 10)
(6, 11)
(6, 18)
(6, 20)
(6, 29)
(6, 31)
(7, 20)
(7, 26)
(7, 27)
(8, 11)
(8, 13)
(8, 20)
(8, 24)
(8, 26)
(9, 11)
(9, 21)
(9, 24)
(9, 27)
(9, 30)
(10, 11)
(10, 16)
(10, 20)
(10, 22)
(10, 25)
(10, 29)
(11, 19)
(11, 24)
(11, 26)
(11, 27)
(12, 15)
(12, 19)
(12, 21)
(12, 24)
(12, 28)
(13, 18)
(13, 27)
(14, 16)
(14, 21)
(14, 22)
(14, 26)
(14, 27)
(14, 28)
(15, 16)
(15, 20)
(15, 27)
(15, 28)
(15, 31)
(16, 25)
(16, 27)
(16, 30)
(16, 31)
(17, 26)
(17, 31)
(18, 19)
(18, 24)
(19, 25)
(19, 26)
(20, 23)
(21, 29)
(23, 24)
(23, 25)
(23, 30)
(24, 27)
(25, 30)
(26, 29)
(27, 31)
(28, 30)
