32
(0, 13)
(0, 31)
(1, 2)
(1, 4)
(1, 8)
(1, 15)
(1, 16)
(1, 17)
(1, 18)
(1, 21)
(2, 13)
(2, 19)
(2, 31)
(3, 7)
(3, 8)
(3, 12)
(3, 16)
(3, 22)
(3, 24)
(3, 25)
(3, 29)
(4, 14)
(4, 15)
(4, 21)
(4, 26)
(4, 28)
(5, 7)
(5, 8)
(5, 14)
(5, 17)
(5, 18)
(5, 25)
(6, 7)
(6, 14)
(6, 15)
(6, 17)
(6, 29)
(7, 13)
(7, 21)
(7, 23)
(7, 28)
(7, 31)
(8, 11)
(9, 10)
(9, 12)
(9, 14)
(9, 21)
(9, 31)
(10, 19)
(11, 14)
(11, 24)
(11, 31)
(12, 15)
(12, 20)
(12, 26)
(12, 30)
(13, 22)
(13, 24)
(13, 28)
(14, 17)
(14, 24)
(14, 31)
(15, 16)
(15, 25)
(16, 19)
(16, 23)
(16, 25)
(16, 27)
(16, 31)
(17, 29)
(17, 30)
(18, 19)
(18, 30)
(19, 20)
(19, 24)
(20, 24)
(20, 28)
(21, 26)
(21, 29)
(21, 31)
(23, 27)
(24, 28)
(24, 29)
(24, 30)
(25, 28)
(25, 29)
(26, 27)
(27, 30)
(27, 31)
(28, 30)
