32
(0, 30)
(0, 31)
(1, 31)
(1, 2)
(1, 3)
(4, 5)
(4, 6)
(6, 7)
(6, 8)
(7, 8)
(9, 11)
(10, 11)
(10, 12)
(12, 13)
(13, 14)
(15, 16)
(16, 17)
(16, 18)
(17, 19)
(18, 20)
(20, 21)
(21, 23)
(22, 24)
(23, 25)
(24, 25)
(25, 27)
(27, 29)
(28, 29)
(28, 30)
(29, 31)
(0, 15)
(2, 9)
(2, 3)
(5, 10)
(8, 20)
(9, 27)
(11, 19)
(0, 14)
(6, 17)
(7, 18)
(3, 19)
(9, 21)
(14, 22)
(5, 23)
(0, 25)
(12, 26)
(8, 27)
(9, 29)
(29, 30)
(0, 21)
(1, 2)
(3, 8)
(5, 21)
(0, 7)
(8, 11)
(2, 11)
(12, 20)
(13, 26)
(1, 14)
(11, 15)
(14, 19)
(20, 29)
(9, 24)
(6, 26)
