32
(0, 30)
(0, 1)
(2, 4)
(6, 7)
(7, 8)
(8, 9)
(9, 11)
(10, 11)
(13, 15)
(14, 16)
(17, 19)
(19, 20)
(22, 24)
(23, 24)
(26, 28)
(27, 28)
(29, 31)
(1, 13)
(2, 25)
(3, 15)
(4, 25)
(5, 13)
(9, 25)
(2, 11)
(12, 15)
(13, 31)
(14, 27)
(15, 26)
(16, 26)
(3, 17)
(13, 18)
(14, 20)
(11, 21)
(5, 22)
(0, 24)
(20, 25)
(3, 26)
(6, 28)
(22, 29)
(11, 30)
(27, 31)
(0, 12)
(1, 24)
(3, 20)
(4, 5)
(1, 5)
(5, 6)
(3, 7)
(8, 27)
(10, 16)
(7, 11)
(5, 12)
(15, 30)
(0, 16)
(11, 18)
(13, 19)
(20, 27)
(19, 21)
(7, 23)
(10, 24)
(5, 25)
(7, 27)
(19, 28)
(21, 31)
