32
(0, 2)
(2, 3)
(3, 4)
(3, 5)
(7, 9)
(8, 9)
(16, 17)
(19, 20)
(20, 22)
(24, 25)
(29, 31)
(0, 7)
(1, 4)
(4, 27)
(2, 5)
(6, 10)
(7, 17)
(9, 12)
(10, 21)
(11, 25)
(12, 16)
(9, 13)
(14, 21)
(15, 18)
(2, 17)
(6, 18)
(5, 20)
(21, 24)
(22, 27)
(16, 23)
(5, 25)
(14, 26)
(6, 27)
(8, 28)
(1, 29)
(6, 30)
(2, 31)
(1, 15)
(2, 20)
(4, 16)
(5, 29)
(6, 22)
(8, 12)
(9, 28)
(10, 17)
(8, 11)
(8, 12)
(13, 28)
(14, 29)
(15, 19)
(16, 29)
(4, 17)
(18, 21)
(10, 19)
(21, 26)
(20, 22)
(23, 29)
(24, 28)
(21, 25)
(13, 26)
(14, 27)
(0, 28)
(23, 30)
(9, 31)
